4294967294,0
4294967278,436
4294967294,1420
4294967279,162
4294967279,144
12,20
4294967279,278
11,260
11,259
11,258
11,257
11,256
11,255
11,254
11,253
46,0
4294967279,174
4294967278,196
4294967278,369
4294967279,309
4294967278,434
43,2
4294967278,179
4294967279,333
4294967278,356
42,2
103,4
4294967278,432
4294967279,157
4294967279,138
4294967278,429
4294967279,358
4294967278,412
45,6
45,5
45,4
42,9
44,5
42,8
4294967294,81
62,1
62,4
4294967294,482
4294967294,974
4294967279,259
4294967279,223
4294967278,339
4294967279,134
4294967278,254
4294967278,250
4294967278,237
4294967279,381
4294967278,428
12,10
4294967279,380
4294967278,218
4294967278,207
4294967278,205
4294967278,190
4294967278,367
4294967294,1447
4294967279,378
4294967294,12
4294967278,239
12,29
4294967278,225
4294967279,143
4294967278,337
4294967278,246
4294967278,234
4294967294,1425
43,5
43,4
4294967294,490
4294967294,1421
42,10
4294967278,213
4294967278,203
4294967279,204
4294967278,201
4294967279,376
4294967279,570
4294967278,425
4294967279,373
4294967279,221
4294967279,372
4294967279,569
4,4
4294967278,410
4294967278,299
11,277
4294967279,255
4294967279,366
4294967279,364
4294967279,363
4294967279,361
4294967279,360
4294967278,414
4294967278,183
4294967278,181
4294967278,371
4294967294,7
4294967294,1423
4294967278,258
11,100
11,99
11,98
11,97
11,75
11,74
11,73
11,72
11,66
11,67
11,65
11,64
11,293
11,291
11,290
11,285
11,284
11,283
11,262
11,261
11,252
11,251
11,250
11,249
11,248
11,247
11,246
11,242
11,239
11,238
13,5
4294967279,566
11,104
11,103
11,102
11,101
4294967279,260
4294967278,187
4294967294,473
11,217
11,180
11,153
11,289
11,133
11,140
12,30
12,27
13,33
13,30
13,28
13,25
13,21
4294967278,178
12,16
12,11
11,4
13,27
11,0
11,141
11,287
12,24
12,23
4294967278,0
4294967278,346
4294967279,0
11,237
13,31
11,9
7,2
46,4
11,8
12,13
3,5
12,28
13,35
13,20
13,19
13,16
12,9
4294967294,11
72,5
63,4
13,17
7,4
13,4
6,4
6,5
6,6
5,6
12,5
4294967294,27
4294967294,83
11,96
11,271
11,270
11,269
11,268
11,267
11,95
11,94
11,93
11,92
4294967279,154
11,266
11,265
11,264
11,263
11,81
11,80
11,79
11,78
11,77
11,76
11,71
11,69
11,68
4294967279,182
4294967279,172
4,6
4294967279,256
4294967279,328
4294967278,415
11,282
11,280
11,279
4294967279,180
4294967278,413
4294967279,298
4294967294,472
4294967294,25
11,276
4294967279,534
4294967278,220
4294967278,216
3,6
9,5
9,10
12,8
44,4
42,6
11,91
11,90
11,89
11,88
11,87
11,86
11,85
11,84
11,83
11,82
4294967278,189
4294967279,281
4294967278,160
4294967278,348
4294967279,297
4294967278,422
4294967279,296
4294967278,411
4294967278,232
4294967278,228
4294967278,373
4294967278,227
4294967278,409
4294967279,341
4294967278,440
4294967278,326
4294967279,514
8,4
8,5
52,4
4294967278,264
4294967278,406
4294967279,354
4294967279,276
4294967278,296
4294967279,293
4294967278,404
4294967278,403
4294967278,197
4294967278,372
4294967279,357
73,4
73,5
12,21
11,274
11,273
4294967279,545
4294967278,402
4294967278,401
4294967294,1426
4294967278,400
4294967294,6
4294967279,349
4294967279,155
4294967279,135
4294967278,398
4294967278,341
4294967278,386
4294967279,531
4294967278,333
4294967279,347
4294967278,396
4294967279,346
4294967279,211
4294967278,395
4294967279,321
4294967279,345
4294967278,199
4294967278,292
4294967278,192
4294967279,542
4294967278,394
4294967279,377
4294967278,393
4294967278,392
4294967278,390
4294967278,405
4294967279,340
4294967279,339
4294967278,444
4294967279,286
4294967278,388
4294967279,338
4294967279,337
4294967278,387
4294967279,336
4294967279,335
13,8
9,4
9,6
4294967278,385
4294967279,524
4294967278,439
4294967279,332
13,7
13,34
13,13
13,32
13,29
13,24
12,19
13,14
12,4
12,15
4294967278,435
4294967278,426
4294967278,420
4294967278,382
4294967294,973
4294967279,330
4294967279,329
4294967279,327
4294967279,326
4294967279,573
4294967279,323
46,5
4294967279,352
42,7
42,11
4294967279,322
5,5
4294967279,254
4294967278,381
4294967279,253
4294967278,379
11,275
4294967278,377
4294967279,287
11,272
4294967279,285
4294967278,447
4294967279,241
4294967278,376
4294967278,308
4294967279,210
4294967278,375
4294967279,247
4294967279,245
13,18
12,26
13,22
4294967294,922
4294967294,970
4294967294,1414
4294967294,68
12,6
3,4
2,4
2,5
11,145
11,135
11,70
4294967278,132
4294967278,131
4294967278,130
4294967278,129
4294967278,128
4294967278,127
4294967278,126
4294967278,125
4294967278,124
4294967278,123
4294967278,122
4294967278,121
4294967278,120
4294967278,119
4294967278,118
4294967278,117
4294967278,116
4294967278,115
4294967278,114
4294967278,113
4294967278,112
4294967278,111
4294967278,110
4294967278,109
4294967278,108
4294967278,327
4294967278,260
42,12
42,4
4294967278,107
4294967278,106
4294967278,105
4294967278,104
4294967278,103
4294967278,102
4294967278,101
4294967278,100
4294967278,99
4294967278,98
4294967278,97
4294967278,96
4294967278,95
4294967278,94
4294967278,93
4294967278,92
4294967278,91
4294967278,90
4294967278,89
4294967278,87
4294967278,86
4294967278,85
4294967278,84
4294967278,83
4294967278,82
4294967278,81
4294967278,80
4294967278,79
4294967278,78
4294967278,77
4294967278,76
4294967278,75
4294967278,74
4294967278,73
4294967278,72
4294967278,71
4294967278,70
4294967278,69
4294967278,68
4294967278,67
4294967278,66
4294967278,65
4294967279,85
4294967279,84
4294967279,82
4294967279,77
4294967279,75
4294967279,74
4294967279,72
4294967279,71
4294967279,70
4294967279,68
4294967279,63
4294967279,62
4294967279,59
4294967279,54
4294967279,52
4294967279,51
4294967279,45
4294967279,44
4294967279,43
4294967279,40
4294967279,38
4294967279,34
4294967279,26
4294967279,20
4294967279,18
4294967279,17
4294967279,15
4294967279,10
4294967279,9
4294967279,8
4294967279,7
4294967279,6
4294967279,5
4294967279,4
12,7
12,17
13,9
4,5
42,5
87,5
89,4
5,4
4294967279,371
4294967279,538
4294967279,27
4294967279,25
4294967278,399
4294967278,270
4294967278,286
4294967279,249
4294967294,5
4294967294,483
72,6
72,4
7,5
0,5
11,278
11,2
11,6
4294967279,383
11,5
11,164
